111 1111111111. ’111

111, quam 111111111111111111111 1111111111 1111111111 A 1111111111111 11111111 1111111, 1111111 1111 11111-
11111111111111111 1111111111111111 1111111111111111111, 1111. 1111111111111111 1111111 1111111111111111.
11111 11111111 11111111 1111 1111111111, 1111111111111111. 11111111111111 1111111111111111. 11111111111111-
11,11111111111111111111 11111111111111111111111111 111111111111111111111111111111111111 11111111, 111
111111111111.111111111111111111111111111111111111111 11 111111111 111111111; 11111111 11. 11111111
11,11111111111111111111111111111111111111111111111- 111,111111.1111111 111 1111111111111 11111111 Ι1·
111 1111111111 1111111 11111111111111111111111111111111- 111111 111111 11111111111 11111 1111111111 1111111111.
1111111111,1111 1111111111 111111111111111111 1111111 11111111111111111111111111111111111111111111.111,
1111111111 1111111 1111111111111 111111 111111 11 1111 11111 1111 11111111, 111 1111111111111111111111111·
111111111111 1111111111 1111111111111111111111111111 111- 111111111,11111111111111111111, 1111 111 1111111111111 -
1111111 11111111111111 11 1111111111 11111111 1111 11111111 ,111111 11111111 11111111 1111111111. 111,
1111111111, 111111. 11 11111111111111111111111 111111· 1111 1111111111 ,111111111111111111111111111,1111111-
111111111111111111111111111 11111111111111111. 111111111111111 111111111, 11 11111111111111111111
111111111111111ς11 1111 1111111 1111111111, 1111111111 11111111111111, 1111111111 1111111111 1111111111 1111-
11111111111111111111 111111111111111.11111111 11111 11111111. 111 11111 11111111 1111. 1111111
11111111111111111111111111111,11111111.111,1111111111 111111 1111111111 111111, 1111 111111 111111, 11111
11111111111111111111111111111111111111111,11111 111111111111111 11111. 111111 1111111. 111
quamque 1111111111 1111 1111111111 111 1111 111111 111.11.111111.111.11 11111111111111111111 111111
111111111111. td 11111 Votum 111111 vm 1011111· 11111 11 11111. 111111 11111111 1111111 11111111 1
111110111110111011011111111111111111111· 111111 ’‘⁶⁸¹¹’‘ 11111111 11 1111111111,1111 111111 1111111111,
W m ¹5 010111111 W mh· ὓ1111111111· 11 1 1111 111111111111 1111111111 111111111111ς
111111111111111111111111111110111111 ’ΜΝ 1111111111111111111111111111111111 11111111,
11111· ΗΜ· 1111111111 *⁰¹¹¹ 5⁰⁰ 1114011111 1111· 1111 11 11111111111 11111111 111111111111111111
W· 0⁸⁸ 1100111110 Β1111010 61111111101111101 11111111 1111111111, 1111111111 11111111111,1111111
munim 1111 uben· 1 11111111 1111111111 ι1111,11111111111111111111111,1111111111111111
‘W ⁸⁸· Μ, 0⁰¹⁰ (30111111ὓῦ1 1Μο ²³¹⁸ 10111 «1111111111 111 11111111 Alexandrina, 111111 1111111111,
dm· 0⁸ 1111111111 'mmm 004111 111· ⁸⁸! 0¹· 11111111 1111111, 1111111 1111111111, 1111111111 1111111,
”¹⁶⁸ 9111110101 ⁸¹¹ ”¹⁸⁸ 80⁶¹⁰ssl¹³⁸ffl¹⁶²⁸ 1611111111. 1111111111 1111111111111111111, 11 1111111 111111 11111·
ut 11 11111111111111111111111.111-1111111· 11111111111111111111111111111111111111111
110 *mem 0111111001111111114111111404111011· 111111 11111111111111 1111111 1111111 1111111111 11111111
11 1111111111111111. 111111111111111111111 11111 1111111111 111111111111111111111111-
βθΙΙθ ΡΜ mfflflfflfl Mt, qui 11111011 (mu 1111άῦῐί ΜΓ “eume Post scripum priorem efflsslo'ssssl :cnm-
“W ⁸¹⁸⁰¹ ³⁶h¹¹² λ0111ὀηι 111111111*ω mmm 1111 11 secunda postremum 11111111 11111111 librum
*mmm* P‘flfflffl‘lstpml'fflssfflssstfl· 11 1111111111 111111,1111 11111111 1111 111111
“W ²⁸¹ ¹⁶⁸0! 1011101111· ¹³⁰⁰ 1111111011 1111 11111111,1111111111111111111111,11111111111111
mmm ‘⁸¹0 ⁸⁸ 5⁶⁰ 111111111111111111 10111· 11111111 111111 11111 111111111111111111111 1111111. 111
11111111111111 1111111111111111111111 1111111111 111 1111111111 an 111 111. 11.
“mmm 1111110 ¹³⁰⁰ 1110 ⁸⁰⁰· fflm 1111141111 1111 11111111 11111111 11111111, 1111111111 1111111111 11111111-
111111111 1111111 do 011111111111111111 1111111 m, 111. a 6111111111 11111111, 111111111ιωὶ11
WWW· 0⁰⁸⁷· 11111111 Μ ⁶¹⁰ 1111111111ῑῆ 1111111111 111111111111111111111111111111111111·
1111111111111111111 1111111111 m· 11· fluo 11111111 «1111111111111111111111111111,11111
1111, 11111 1111111111 11111111, qun 11111111111111. ,a ..111111 uum 111111,111111111111111111111111
woh· 1111 Mb„ 111 11111111 1111 11111 58111 111111, 11111111 1111111111,111111111111111111111 11111111
1111111111 1111111111 1111111111 111111, 11 11111111 1111111111111111111111111111111,1111111111111·
ι111 11 1111111 111111111111, 111111111111111111111 1111111111 11111111111111111111 1111 1111111 11 11111
11111111111111111111 11111111 111 111111111, 111111111111, 11 111 1111111111111 11111111 11111111 11111111
1111111111 11111111111111 11111111111111111 11111 (111. 1111. 1111. 11111111 11111 1111111111 11 11111·
1111111111 111111111111111. 1111 11111 111. 11 11111111 111 11111111 1111111111,

flu 11111111 11111,11111111111111111111 1111. 11, 11111111111111111111111111111111 11111111 1111-
11111 11111111 11111111.11·1111111 1111111111 11111 1111 1111111 111111111111111111111111111111111
111111111111111111111111111111111111111 11 111111 11111111111,111111 11111111111111111111111111111111
111111111111.1111111111 em 111111111111111 111111· 111111 :Germanicia 11111111 1111 111 1111111111 1111·
11111 11111111 1111111111, 1111111111 11111111 111, 1111· 1111 111111, 111111 1111111 1111111111 6111111111,
1111111 111 1111111111 1111111111 11111 1111111111 11111111111111111111111111111111111111111.1111111·
1111111111111111 111 111111111111111111111111 1111111111111111111111,111111111111111111111111111-
111111. 1111111111111111 111111 1111111111 11111111- 1111111111, 11 1111111111 111111111111111111111111111.
11111, 1111111111 1111 11111111,111111111111111,11 Romu 11111 11111111111111111111111111111111111
1111111111111111111111111111111,·1111111111111· 11111111 111111111111111111111111111 1111 111111 Δ
11111111111111111111 1111111111,11111111111111111 1111111111 111 1111111111111111111 1111111111

 

